1.98487198
1.98494839
1.98513364
1.98512613
1.98525309
1.98528456
1.98528957
1.98539769
1.98532176
1.9853028
1.98519408
1.98526048
1.98538541
1.98516142
1.98510015
1.98552989
1.98545861
1.98575639
1.9855833
1.98566889
1.98578691
1.98547208
1.98557269
1.98531746
1.98516798
1.98529922
1.98518049
1.98533761
1.98517417
1.98502779
1.98536038
1.98499286
1.98500108
1.98505926
1.98492348
1.98517549
1.98510682
1.98514366
1.98543941
1.98533499
1.98534202
1.98537528
1.98541593
1.98548984
1.98571217
1.98564481
1.98585367
1.98556625
1.98561382
1.98523414
1.98527848
1.98564469
1.98503673
1.98512613
1.98529958
1.98512971
1.9853264
1.98520028
1.98548436
1.98526418
1.98536944
1.98536014
1.98528373
1.98536276
1.98513185
1.9851253
1.98550534
1.98512423
1.98523271
1.9855597
1.9854834
1.98555612
1.98569285
1.98584246
1.9855405
1.98517656
1.98558485
1.98531568
1.98535287
1.98535072
1.98527133
1.98531448
1.98527693
1.9851675
1.98531949
1.98479163
1.98530948
1.98501503
1.98497366
1.98512494
1.9850912
1.98528647
1.98526108
1.98523581
1.9853717
1.98537874
1.98539602
1.98561847
1.98572039
1.98586785
1.9854803
1.98535072
1.98518013
1.98476719
1.98530745
1.98499786
1.9850949
1.98539996
1.98502516
1.9854635
1.98529052
1.98525249
1.98563635
1.98516464
1.98542237
1.98527193
1.98525953
1.98567938
1.98520493
1.98534798
1.98557054
1.98525249
1.98570024
1.98552358
1.98579347
1.98602092
1.98562264
1.98548877
1.98529493
1.98515295
1.98538076
1.98549985
1.98546791
1.98511993
1.98526132
1.98539888
1.98515868
1.9850682
1.98528969
1.98514175
1.98532807
1.98504984
1.98552715
1.98551785
1.98520326
1.98541212
1.98521399
1.9852761
1.98549461
1.98543572
1.98587822
1.98549568
1.98555696
1.98572766
1.98515713
1.98503327
1.98496162
1.98503911
1.98525404
1.98494613
1.98522698
1.985098
1.98521995
1.98539268
1.98528063
1.98541331
1.9855268
1.985381
1.98565125
1.98526573
1.98537957
1.98543477
1.98537278
1.98571729
1.98541784
1.98537993
1.98580253
1.98573315
1.98600411
1.98577618
1.98557436
1.98554372
1.98525583
1.98549401
1.98528492
1.98514676
1.98537826
1.98533344
1.98517739
1.98513805
1.98520624
1.98509836
1.98500597
1.985044
1.98526012
1.98509049
1.98536896
1.98536121
1.98550891
1.9855597
1.98530125
1.98558938
1.98571908
1.98573243
1.9860121
1.9852668
1.98581182
1.98517084
1.98498213
1.98538613
1.98486793
1.98536348
1.98525702
1.98522531
1.98545992
1.98515939
1.98537516
1.98544847
1.98513746
1.98555803
1.98540461
1.98532521
1.98555529
1.98522758
1.98563361
1.98538613
1.98561394
1.98582875
1.98560559
1.98576176
1.98563361
1.98564827
1.98579943
1.98550236
1.98547077
1.98540031
1.98532164
1.98531532
1.98517847
1.98518073
1.98536622
1.98524463
1.98525273
1.98499953
1.98518514
1.98528563
1.98509013
1.98541545
1.98509395
1.98543882
1.98540031
1.98510825
1.98547625
1.98537516
1.98558115
1.98570859
1.98553466
1.98575985
1.98540687
1.98539316
1.98514509
1.98508548
1.98522448
1.9849826
1.9851123
1.98531329
1.98532259
1.98527991
1.98533272
1.9853605
1.98555302
1.98544418
1.98530125
1.98560369
1.98535788
1.9853059
1.98530602
1.98527503
1.985556
1.98538208
1.98571944
1.98581254
1.98589086
1.98602712
1.98563778
1.98560452
1.98532223
1.98522233
1.98566651
1.98528647
1.98523116
1.98546767
1.98535001
1.98528194
1.98504531
1.9850943
1.98521804
1.98519504
1.98533773
1.98528182
1.98536622
1.98540842
1.98528027
1.9854809
1.98525369
1.98545002
1.98557806
1.98553633
1.98578119
1.98576092
1.98557519
1.9856894
1.98515415
1.98500847
1.98514711
1.98508751
1.98517954
1.98509669
1.98517692
1.98539757
1.98519778
1.98538875
1.98533642
1.98525476
1.98519945
1.98532092
1.98542582
1.98523318
1.98519849
1.98532593
1.98533844
1.98557901
1.98543477
1.98554766
1.98595535
1.98576998
1.98581552
1.98567688
1.98531818
1.98536682
1.98513627
1.98535907
1.98547506
1.98519313
1.98533248
1.98522341
1.98541641
1.98525679
1.98496997
1.98523998
1.9850881
1.98533558
1.98522961
1.98517
1.98535847
1.9852277
1.98523998
1.98537874
1.98537051
1.98554646
1.98593795
1.98553991
1.9856708
1.98569214
1.98554301
1.9852811
1.98525154
1.98514389
1.98484683
1.98502635
1.98509287
1.98529744
1.98543667
1.98542416
1.98538422
1.98532783
1.98536193
1.98535883
1.9854995
1.98553681
1.98553097
1.98535704
1.98546659
1.9855386
1.98525893
1.98564875
1.98584699
1.98558425
1.98589301
1.98559987
1.98535013
1.98532128
1.98531818
1.98553061
1.98535192
1.98543596
1.985309
1.98523819
1.98535907
1.98504877
1.98537743
1.98512077
1.9850558
1.98544597
1.98489928
1.98521983
1.98539805
1.98533296
1.98535418
1.98516964
1.98527884
1.98550117
1.98551189
1.98563754
1.98577463
1.98586404
1.98580038
1.98536431
1.98532915
1.98518383
1.98501229
1.98535382
1.98518931
1.98548066
1.98521423
1.98537409
1.98555147
1.98527407
1.98542106
1.98556423
1.98540401
1.98547697
1.98530244
1.98559868
1.98541283
1.9854058
1.98536252
1.98545956
1.98569583
1.98575866
1.98571479
1.98570442
1.98581087
1.98541867
1.98551928
1.98536944
1.98544299
1.98522233
1.9854871
1.98536777
1.98518884
1.98526668
1.98518037
1.98509144
1.98534345
1.98520135
1.98529779
1.98536503
1.9850558
1.98531687
1.98532164
1.98540699
1.9855262
1.98547792
1.98583388
1.98551857
1.98566997
1.98588538
1.98536288
1.98543512
1.98547482
1.98499989
1.98526251
1.98515641
1.98526954
1.9852215
1.98512625
1.98538362
1.98534655
1.98546791
1.98544061
1.98536002
1.98542582
1.98542702
1.98551106
1.9854356
1.98543167
1.98544752
1.98542952
1.98558986
1.98574233
1.9856584
1.98589217
1.98571956
1.98589968
1.98579537
1.98546814
1.98563385
1.98556506
1.98513805
1.98536133
1.98515009
1.98529314
1.98530077
1.98495447
1.98534572
1.98506259
1.9851334
1.9852494
1.98512697
1.98540806
1.98521804
1.98528158
1.98567104
1.98554766
1.98555326
1.98542916
1.98550152
1.98592936
1.98564863
1.98588776
1.98579382
1.98534464
1.98537719
1.98496007
1.98530244
1.98530471
1.98508369
1.98526942
1.98506617
1.98534929
1.98548805
1.98544263
1.98538911
1.98541486
1.9853233
1.98563861
1.98531198
1.98539698
1.98541855
1.98555874
1.98556506
1.98529362
1.98562729
1.98585987
1.98568904
1.98595881
1.98601543
1.98528492
1.98547232
1.98513352
1.98537719
1.98530888
1.98543882
1.98549067
1.98502397
1.98529589
1.98507845
1.98520481
1.98523914
1.98507463
1.98533844
1.98518073
1.98503863
1.98557436
1.98543572
1.9854387
1.98539757
1.98562347
1.98560833
1.98557734
1.98569548
1.98595941
1.98575973
1.98569369
1.98533189
1.98502004
1.98535537
1.98526573
1.98521173
1.98522377
1.98513901
1.98553943
1.9851855
1.98556721
1.98548436
1.98524737
1.9854902
1.98533535
1.98559093
1.98550641
1.98533177
1.98547244
1.98516333
1.98572373
1.98544108
1.98559534
1.98584425
1.98577809
1.98577964
1.98573338
1.9851582
1.98569869
1.98533093
1.98540341
1.98553586
1.98523926
1.98539936
1.98525238
1.98513031
1.98521518
1.98518693
1.98526632
1.98519754
1.98513472
1.98522448
1.98532009
1.98551774
1.98539102
1.98544263
1.98570406
1.98543512
1.98548913
1.98592329
1.98576962
1.98604071
1.98543202
1.98550641
1.98539388
1.98512732
1.98531067
1.98526203
1.98505723
1.9854108
1.98499023
1.9854741
1.98541486
1.98535501
1.98546147
1.98516869
1.98537456
1.98558831
1.98536968
1.98547387
1.98544144
1.98524081
1.98558557
1.98543941
1.98578929
1.98567295
1.98584163
1.98597478
1.98553943
1.98568499
1.98540318
1.98527216
1.98535752
1.9855045
1.98543226
1.98526787
1.98534512
1.98536205
1.98516058
1.98517835
1.98532569
1.98528611
1.98534572
1.9850744
1.98531818
1.98536777
1.98540711
1.98544776
1.98536276
1.98546552
1.98573613
1.98562896
1.98573184
1.98562812
1.98577177
1.98568511
1.98522114
1.98539185
1.98519396
1.98517489
1.98534142
1.98498678
1.9853214
1.98559999
1.98529124
1.98563754
1.98512148
1.98550355
1.98560464
1.98539495
1.98539912
1.98531067
1.98515534
1.98542904
1.98521149
1.98556625
1.98563563
1.98543179
1.98570954
1.98565876
1.98576903
1.98592782
1.98546695
1.98557806
1.98515319
1.98536121
1.9855436
1.98537516
1.98532164
1.98495352
1.98529541
1.98527061
1.98493146
1.98534464
1.98527026
1.98529124
1.98539531
1.98516464
1.9854685
1.98533272
1.98530387
1.985713
1.98548245
1.98556923
1.98569178
1.98579549
1.98563706
1.98570573
1.98545897
1.98531067
1.98516309
1.98527681
1.98521673
1.98511683
1.98552906
1.98513936
1.98546504
1.98542559
1.98550999
1.98570287
1.98533535
1.98537135
1.98580634
1.98549604
1.98560035
1.98543632
1.98557245
1.98554766
1.9855107
1.98573231
1.98568427
1.98587334
1.98582339
1.98574078
1.98572504
1.98527765
1.9853872
1.98538494
1.98533225
1.98547053
1.98526263
1.9851216
1.98555183
1.98521983
1.98540902
1.98530709
1.98525285
1.9855113
1.98517417
1.98535442
1.98547327
1.98557865
1.98557627
1.98549246
1.98528456
1.98569774
1.98554444
1.98579728
1.98599326
1.98579263
1.9859519
1.98549401
1.98561346
1.98523163
1.98514175
1.98516559
1.98490202
1.98528432
1.9853028
1.98534584
1.98549222
1.9851315
1.98556494
1.98534846
1.98546588
1.98564434
1.98540377
1.98545861
1.98529422
1.98526358
1.98568809
1.98536658
1.98571729
1.98577916
1.98560249
1.98587834
1.985749
1.98568189
1.98565924
1.98517656
1.98536288
1.98536205
1.98520052
1.98555874
1.98526418
1.98517799
1.98548805
1.98517549
1.98546671
1.98493528
1.98554956
1.98524594
1.98532378
1.98564124
1.98548936
1.98556506
1.98550355
1.98548126
1.98577499
1.98576688
1.98575007
1.9860605
1.98555457
1.9855082
1.9855417
1.98505365
1.98511338
1.98500025
1.98538303
1.98512971
1.87006783
0.82027775
0.309521526
0.1557464
0.108126617
0.0918798744
0.0853867009
0.0811735391
0.0784926712
0.0757771432
0.0731896758
0.0710466951
0.0685357972
0.0663190037
0.0642720237
0.062136732
0.060577318
0.0584437623
0.0566240325
0.0550032742
0.0528356395
0.0513717941
0.0497903376
0.0482425242
0.0468714945
0.0454926304
0.0442102067
0.0428736917
0.0411804169
0.0401996411
0.0389336049
0.0378341972
0.0366640202
0.0355153046
0.0348557494
0.0336475744
0.0325754322
0.0320452339
0.0307190157
0.0301479212
0.0294307917
0.0284848157
0.0281157363
0.0271876007
0.0267616733
0.0258719678
0.0251074153
0.0245123934
0.0234105195
0.0230289679
0.0224016066
0.0215717945
0.0218573417
0.020645108
0.0207425616
0.0199981667
0.0196010973
0.0192701611
0.0187534503
0.0184204801
0.0179303083
0.0174317248
0.0171753261
0.0167538952
0.0161667056
0.0161266792
0.0155261466
0.0154872806
0.0152777247
0.0149618675
0.0148059688
0.0143752563
0.0141140716
0.0139800738
0.0133329872
0.0133042726
0.0129424454
0.0126903988
0.0124825835
0.0122454734
0.0120069133
0.0118072191
0.0116426181
0.0116392839
0.0110481763
0.0112999333
0.0109623242
0.0107044763
0.0108278896
0.0103013161
0.0105942599
0.0103858644
0.0100685572
0.0103075522
0.0100388275
0.0101241013
0.00999271124
0.00981215946
0.00953502487
0.00913839135
0.00907313078
0.00870042573
0.00879193563
0.00861703883
0.00862545054
0.00871275272
0.00892665982
0.00874132197
0.00887648295
0.00864589866
0.00855163391
0.00866025593
0.00816529709
0.00833714846
0.00831800606
0.00820503383
0.00838935561
0.00787235423
0.00812150165
0.00798837188
0.00792963802
0.00816674809
0.00788061972
0.00810264796
0.00812918785
0.00762248272
0.00776605401
0.00741394236
0.00743047473
0.00737623684
0.00734868273
0.00758550269
0.00739973038
0.00742365885
0.00739595945
0.00742525421
0.00738261686
0.00718074711
0.00708648376
0.00687620369
0.00683066667
0.00712767057
0.00721062207
0.00710200145
0.00728269712
0.00694798817
0.00691854907
0.0071826335
0.00712999003
0.0072992295
0.00700425729
0.00669855205
0.00685343518
0.00659210607
0.00673161679
0.00634513469
0.00659703696
0.00660225795
0.00656933803
0.00697481678
0.00680804345
0.0066408338
0.00708097266
0.00669115548
0.006973512
0.00695581967
0.00655411044
0.00695117935
0.00661356979
0.00644113868
0.00663604727
0.00660559348
0.00678048934
0.00663604727
0.00666316691
0.00693261669
0.00711708376
0.00683385692
0.00664068851
0.00639023631
0.00672567076
0.00663952808
0.00668114889
0.00645636627
0.00630481867
0.00656368257
0.00650349818
0.0065335175
0.00644374964
0.00631177984
0.00629075197
0.00630423892
0.00632744189
0.00658137444
0.00637964997
0.00663720769
0.00644606957
0.00631120009
0.0066227056
0.00636137742
0.00652757147
0.00651031406
0.00616066809
0.00679049547
0.00626653293
0.00649378122
0.00649711722
0.00607757037
0.00635978253
0.00631018495
0.00649827718
0.00629205675
0.00629307189
0.0065378677
0.00660994369
0.00649523176
0.0067902049
0.00642286613
0.00659341132
0.00616893405
0.00645593088
0.00636398745
0.00641459971
0.00636688806
0.00641489028
0.00628103548
0.00655875122
0.00654816487
0.00677903927
0.0067732376
0.00639197696
0.00672523537
0.00633193785
0.00641053961
0.00640459312
0.00630655931
0.00665910588
0.00632903771
0.00640502851
0.00630104821
0.00616313284
0.00650291796
0.00624013971
0.00631294026
0.00638849614
0.00603043893
0.00657339813
0.00640821922
0.00633396813
0.00655628601
0.0062613124
0.00651074899
0.00649291183
0.00641837017
0.00666809733
0.0066002272
0.0065364181
0.00617110915
0.00602536229
0.00614224979
0.00610077427
0.00635543139
0.00624550506
0.00624956609
0.00609555328
0.0062144706
0.00641111936
0.00636384263
0.00621389038
0.00643852865
0.00615196675
0.0063763149
0.006354996
0.00637413933
0.0064250417
0.00628785137
0.00650697853
0.00652844179
0.00660979887
0.00676743639
0.00681529426
0.00647072307
0.00673538725
0.0063903816
0.00612499238
0.00637660454
0.00620214361
0.00632700743
0.00618967181
0.00628654612
0.00636891834
0.00608395133
0.00633469317
0.00615631695
0.00620968453
0.00611788639
0.00609149225
0.00622868258
0.00632019108
0.00613006809
0.00639168685
0.00628509558
0.00649160658
0.00633962405
0.00615849252
0.00659486185
0.00645897677
0.00654482888
0.00634078448
0.00612180167
0.00630989437
0.00619547301
0.00627479935
0.00623709429
0.00593733508
0.00627146428
0.0063162758
0.00639371713
0.00642518699
0.00644563464
0.00657339813
0.00646753329
0.00626363325
0.00654903473
0.00638617621
0.00644331425
0.00648072967
0.00631352048
0.00662023993
0.00623636879
0.00674727885
0.00653235707
0.00656919321
0.00697786314
0.0066054482
0.0064441841
0.00670826854
0.00633933395
0.00669695716
0.00646521244
0.00638878624
0.00667056255
0.00640430347
0.0064670979
0.00618256581
0.00623593386
0.00646680779
0.00607800576
0.00649189669
0.00638095522
0.00616313284
0.00641837017
0.00640966976
0.0065485998
0.00656484207
0.00626174733
0.00642199628
0.00634078448
0.00650161318
0.00673234183
0.00653757806
0.00664257351
0.00608598161
0.00603609438
0.006325847
0.00603913934
0.00622911797
0.00628060009
0.00622360687
0.00651408499
0.00636688806
0.00652539683
0.00665185553
0.00623767403
0.00647449353
0.00645694602
0.00655353069
0.0067596063
0.00632729753
0.00655875122
0.00648551527
0.00634745508
0.00673060165
0.00647144811
0.00649552186
0.00675554573
0.00668550003
0.00705356383
0.00612615281
0.00659457175
0.00653235707
0.00618445174
0.00641401996
0.00631323037
0.00643664319
0.00645767105
0.00599157297
0.00627465452
0.00600056396
0.00635528657
0.00642533134
0.00598954223
0.00634934054
0.00618720706
0.00650451332
0.00650857435
0.00653685303
0.00654207356
0.006353111
0.00633324356
0.00660689827
0.00644258921
0.00667215837
0.00663677277
0.00651930505
0.00623825378
0.00609642313
0.00612122192
0.00603943038
0.00603580428
0.00665620574
0.00624028407
0.00636804848
0.00649856775
0.0065416391
0.00644781021
0.0063110548
0.00639270199
0.00671595428
0.00625739712
0.00672494573
0.00650161318
0.00642083585
0.00653946353
0.00638675596
0.00652452604
0.00656324718
0.00659283157
0.00679586082
0.00658050458
0.00671957992
0.00653409725
0.00621577631
0.00658674072
0.00630684895
0.006561507
0.00655759079
0.00604711566
0.00642765173
0.00632700743
0.00614355504
0.00644838996
0.00619866326
0.0062819058
0.00611455133
0.00635093543
0.00643200287
0.00639415206
0.00647260854
0.00643069762
0.00631236005
0.00649856775
0.00643533794
0.00668158428
0.00640372373
0.00671841949
0.00643649837
0.00625797687
0.0061698039
0.00635644653
0.006031889
0.00637225387
0.0062866914
0.00615153135
0.00663111731
0.00659602181
0.00654932484
0.0064393985
0.00651466473
0.00669405609
0.00651292456
0.00663865823
0.00661226408
0.00640676869
0.00671000871
0.00633469317
0.00633222842
0.00637877965
0.00616516359
0.00662473589
0.00621969113
0.00656861253
0.00691579375
0.00635441625
0.0065655671
0.00625333655
0.00642344681
0.00652278587
0.0064541907
0.00654453923
0.00637994008
0.00652409112
0.00654918001
0.00628292094
0.00635717157
0.00649059144
0.00648102024
0.00626682303
0.00622317194
0.00628437055
0.00644345954
0.00637964997
0.0064866757
0.00613862462
0.00666461652
0.00639212224
0.00645868619
0.00662546092
0.00678280927
0.0063306326
0.00626769335
0.00608018087
0.00612151157
0.00622984301
0.0062513058
0.00634818011
0.00606698403
0.00642127124
0.0064150351
0.00652742665
0.00661516468
0.00645926687
0.00663503212
0.00663720769
0.00641300482
0.00643287273
0.00625478615
0.00641459971
0.00654294434
0.0063674678
0.00665345042
0.0066054482
0.00682065961
0.00675467494
0.00668143946
0.00686590699
0.00638211565
0.00648334017
0.00664373394
0.00631497055
0.00626276247
0.00664329854
0.00648609595
0.00630728434
0.00632425211
0.00628030998
0.00625841226
0.00643156748
0.00631511537
0.00611600093
0.00626595318
0.00641706539
0.00635470589
0.00638980139
0.00645332084
0.00635470589
0.00656962767
0.00656353682
0.00669869733
0.00657963426
0.00656614731
0.00656977295
0.00641909567
0.00626522814
0.00628712587
0.00607568491
0.00638066511
0.0062041739
0.00632381672
0.00639908248
0.00632744189
0.00657687894
0.00634890515
0.00655715586
0.00659123621
0.00644868006
0.0065378677
0.00675424002
0.00647913478
0.00679470133
0.00638878624
0.00648334017
0.00635427143
0.00650146789
0.00670841289
0.00666302163
0.00673248665
0.0069126035
0.00661443918
0.00642823241
0.00655092066
0.00656397221
0.00654221884
0.00645462609
0.00653844838
0.00627305917
0.00660254806
0.00651060463
0.00628524133
0.00635006558
0.00628030998
0.00630206335
0.00643635308
0.006204464
0.00647840928
0.00644548982
0.00647463882
0.00649204198
0.00623056804
0.00666490709
0.00637645926
0.00671102385
0.00672233523
0.00663691805
0.00651074899
0.00655947672
0.00618155067
0.00627741031
0.00616820901
0.00635456154
0.0063781999
0.006296698
0.00654700445
0.00628712587
0.00629698811
0.00640241848
0.00642866734
0.00674220314
0.00647434918
0.0064914613
0.00685604522
0.00645665591
0.00657267309
0.00642518699
0.00630670459
0.00641938531
0.0065158247
0.0066035632
0.00666200648
0.00640314351
0.00689708581
0.00619474798
0.0066374978
0.0065416391
0.00623477343
0.00665461085
0.00635064579
0.00621041003
0.00629002694
0.00623549846
0.0065884809
0.00619126716
0.00626551825
0.00638893153
0.006236949
0.00639748759
0.00636369735
0.00655033998
0.00660863844
0.00630510877
0.00661734025
0.00665287021
0.00649668229
0.0065383031
0.00657484866
0.00682573579
0.00662502599
0.00642924755
0.00624028407
0.00616124784
0.00633295299
0.00636688806
0.00635920185
0.00639052642
0.00643069762
0.00635557668
0.00674423342
0.0064106849
0.00649189669
0.00643011694
0.00660501327
0.00649117119
0.00629524746
0.00645854184
0.00642475159
0.00635166093
0.00626276247
0.00636630831
0.00647971453
0.00662343064
0.0065419292
0.00702151469
0.00648711109
0.00665678549
0.00636674277
0.00628030998
0.00629872828
0.00629510218
0.00625072605
0.00658761058
0.00634223408
0.00642040139
0.00632048165
0.00619112187
0.00631076516
0.00643127737
0.00656165136
0.00633570831
0.00611948175
0.00665591564
0.00615182146
0.00659051118
0.00643548322
0.00627944059
0.00656832288
0.0064279423
0.00642779702
0.00661211926
0.0064475201
0.0062498562
0.00644099432
0.00612948788
0.00610715476
0.00628785137
0.0063409293
0.00642518699
0.00609917845
0.00662807188
0.0061845961
0.00671696942
0.0064427345
0.00654352409
0.00643577333
0.00636326242
0.00680746231
0.00632338132
0.00639560259
0.00669855205
0.0063774744
0.00656049186
0.00664097815
0.00638197036
0.00678396876
0.00651118438
0.00669768126
0.00677135307
0.00644403928
0.00685357907
0.0064250417
0.00654845498
0.00666548684
0.00649378122
0.00653960835
0.00625058123
0.0062689986
0.00642344681
0.00639096181
0.00637123873
0.00631932122
0.00620547961
0.00630119349
0.00609337771
0.0063294731
0.0064346129
0.00642533134
0.00645085517
0.00640314351
0.00632758717
0.00653192261
0.00662473589
0.00660791341
0.00651800027
0.00641706539
0.00646666251
0.00618503149
0.00621896609
0.00612789299
0.00616661319
0.00639690784
0.0064718835
0.00651234481
0.00657194852
0.00641039479
0.00667070783
0.00646666251
0.00653888378
0.00658180983
0.00631772587
0.00655396562
0.00634876079
0.00642852205
0.00668129418
0.00632265629
0.00660269241
0.00653511239
0.00677381781
0.00690622255
0.00663865823
0.0067536598
0.00656774267
0.0063763149
0.00665330514
0.00638051982
0.00643069762
0.00626000715
0.00627146428
0.00622911797
0.00620736461
0.00628292094
0.00646303733
0.00619373284
0.00656643789
0.00638066511
0.00630191899
0.00624013971
0.00646216701
0.00646637286
0.00656600249
0.00639154156
0.00652061076
0.00659123621
0.00657049799
0.00664460426
0.00672393059
0.00681268377
0.00617647543
0.00621069967
0.00645825173
0.00607002945
0.00620852503
0.00614660046
0.00638501578
0.0064991475
0.00629872828
0.00658485526
0.0064427345
0.00635195057
0.00650045275
0.00636659841
0.00686851702
0.00657252827
0.00651785545
0.00678454991
0.00617226958
0.00663343723
0.00649001076
0.00670478772
0.00668114889
0.00689476635
0.00678977044
0.00691709853
0.00657673412
0.00684357341
0.00641285954
0.00668477499
0.00666780723
0.00635224068
0.00658311462
0.00657151313
0.00651234481
0.00649218633
0.00624347478
0.00624362006
0.00632642675
0.0064862403
0.00653032679
0.00640169344
0.00639139674
0.00652989232
0.00637703947
0.00657180324
0.00650277268
0.00647347839
0.00663242209
0.00651147449
0.006882729
0.00679339608
0.00648856116
0.00667723407
0.00629916321
0.00641170004
0.00626334315
0.00625594658
0.00631279498
0.00626189261
0.00648508081
0.00644563464
0.00638458086
0.00653511239
0.00652916729
0.0068712728
0.00629075197
0.00652235141
0.00650407839
0.00639357184
0.00661617983
0.0065899305
0.00630104821
0.00658412976
0.00641097454
0.00660791341
0.00662604067
0.00691419793
0.00706270057
0.0061521111
0.00651060463
0.00675278948
0.00644926028
0.00664387922
0.00663430709
0.00646260194
0.00677903927
0.00634600548
0.00652322126
0.00620127376
0.00648595066
0.00653569307
0.00627334881
0.00655498076
0.00658485526
0.00638371054
0.00662125507
0.00653293775
0.00662821624
0.00628524133
0.00624695559
0.00670478772
0.00648653088
0.00656136171
0.00661037908
0.00635949196
0.00658906064
0.00619605323
0.00637994008
0.00664880918
0.00614224979
0.00650944421
0.00627915048
0.00647797435
0.00678440462
0.00651437509
0.00677758874
0.00647782953
0.00666853226
0.00652090087
0.00649784272
0.00706748617
0.00666606705
0.0064541907
0.0064814547
0.00662981206
0.00660211266
0.00659239618
0.00657136784
0.00687779812
0.00655657611
0.00633860891
0.00670536793
0.00640894426
0.00658529018
0.00645738141
0.00656600249
0.00642257602
0.0062443451
0.00623462861
0.00654874509
0.00645723659
0.00660820351
0.00646477751
0.0066356128
0.00640488415
0.00651451945
0.00665432028
0.00649218633
0.00659094564
0.00668013375
0.00633179303
0.0067495997
0.00672132056
0.00678875576
0.00687707262
0.00643620872
0.00647942442
0.00624666549
0.00629988778
0.00635267607
0.00610468955
0.00653728796
0.00657919887
0.00619402294
0.00652220612
0.00645346613
0.00676265079
0.00667592883
0.00680224224
0.00672103045
0.00652742665
0.00661429483
0.00683603202
0.00644955039
0.00661414954
0.00638240529
0.00645781634
0.00679006101
0.00641793571
0.00672016013
0.00647985981
0.00673364708
0.00693986704
0.00641677528
0.00660907384
0.00630438374
0.00634194398
0.00667346315
0.00632686214
0.00658456515
0.00637718476
0.0067300219
0.00651321467
0.00632323697
0.00673205219
0.00636935373
0.00631917594
0.00664474908
0.0061030942
0.00657890923
0.00652104569
0.00648043956
0.00662952149
0.00644664978
0.00645607616
0.00661922525
0.00653076218
0.00699309026
0.00670623825
0.00648348499
0.0063903816
0.00612571742
0.00628799665
0.00636123213
0.00622128695
0.00643693376
0.00618445174
0.0065316325
0.0065839854
0.00685372436
0.0067440886
0.00659297592
0.00666650198
0.00689447578
0.00664590951
0.00675916997
0.00676772696
0.00653583789
0.00673103705
0.0063973423
0.00663662794
0.0067039174
0.00669985683
0.00691825989
0.00694320257
0.0067027579
0.00676497165
0.00648754602
0.00654018856
0.00643548322
0.00663329195
0.00662604067
0.00623883446
0.00679035019
0.00651887059
0.00631090952
0.00646129716
0.00632671732
0.00656513217
0.0063918312
0.00645665591
0.00654511898
0.00640894426
0.00667070783
0.00659442646
0.00634673004
0.00674060825
0.0064520156
0.006593992
0.00680601224
0.00684038316
0.00681268377
0.00640821922
0.00627523474
0.00639647245
0.00620199926
0.00642736162
0.00633309828
0.00634223408
0.00633222842
0.00641967589
0.00663546752
0.00642199628
0.00644563464
0.00638255011
0.00635673617
0.00661327969
0.00672784633
0.00638284068
0.00641706539
0.00637471908
0.00647826492
0.00645404588
0.00630206335
0.0066699828
0.00666766241
0.00700483703
0.00693609751
0.00674669863
0.00667998939
0.0067072534
0.00672030542
0.00675467494
0.00653859321
0.00667447829
0.0066176299
0.00654772995
0.00657513877
0.00636442285
0.00661980547
0.00642939191
0.00625522155
0.00667404336
0.00625087134
0.00645839655
0.00662589631
0.00658427504
0.00661211926
0.00655033998
0.00654656952
0.00638530543
0.00669797183
0.00683646695
0.00639966316
0.00629901792
0.00603928463
0.00605639722
0.00639719748
0.00621824106
0.00610788026
