1,16853225
1,12796521
1,08886265
1,05116033
1,01482057
0,979782283
0,945997714
0,913415968
0,881987452
0,851702451
0,822485566
0,794303834
0,767113804
0,740907132
0,715631246
0,691254913
0,667723774
0,64503169
0,623135209
0,602008342
0,581638813
0,561981856
0,543030917
0,524721384
0,507067918
0,490033805
0,473592817
0,457730442
0,442425131
0,427666008
0,413422286
0,399665683
0,386385142
0,373580843
0,361204683
0,349268525
0,337750822
0,326632976
0,315886914
0,305526286
0,295537263
0,285890638
0,276577651
0,26758334
0,258912444
0,250534415
0,242452502
0,234630405
0,227101042
0,219830334
0,212789267
0,205999836
0,199456542
0,193115577
0,187007784
0,181092709
0,17539674
0,169892773
0,164573401
0,159439563
0,1544739
0,149677947
0,145049825
0,140592232
0,136286839
0,132111653
0,128091409
0,124207235
0,120447643
0,116833217
0,113318726
0,109932236
0,106658808
0,103498697
0,10043691
0,0974851176
0,0946324095
0,091883108
0,0892213433
0,086649537
0,0841834098
0,0817796066
0,0794585123
0,0772154107
0,0750567167
0,0729573667
0,0709235295
0,0689665675
0,0670731589
0,0652466863
0,0634778439
0,0617613866
0,0601022988
0,0585074461
0,0569463074
0,0554506033
0,0540075711
0,0526248402
0,0512729436
0,049985934
0,0487240515
0,047516752
0,046338398
0,0451980866
0,0441045314
0,0430428832
0,0419982187
0,0409808345
0,0400174148
0,0390734076
0,0381712168
0,0372923575
0,0364445783
0,0356164425
0,0348168723
0,0340457335
0,0333074592
0,0325761772
0,0318788662
0,0312050431
0,0305511709
0,0299141705
0,0293023847
0,0287131443
0,0281394496
0,0275827087
0,0270410161
0,0265202689
0,0260039232
0,0255109425
0,0250444319
0,024590427
0,0241423211
0,023714032
0,0233007464
0,0229062959
0,0225114263
0,0221373103
0,0217773914
0,0214172452
0,0210690237
0,020730229
0,0203947052
0,0200850404
0,0197709947
0,0194817315
0,019199429
0,0189241841
0,0186430253
0,0183904357
0,0181379728
0,0178968422
0,0176569968
0,0174330398
0,0172167532
0,0169928278
0,0167803596
0,0165766589
0,0163802392
0,0161795169
0,0159786008
0,01579375
0,0156166497
0,0154518121
0,0152700403
0,015100304
0,0149405412
0,0147834867
0,0146278496
0,0144833801
0,0143420174
0,0141981272
0,0140752652
0,0139551088
0,0138349374
0,0137138953
0,0135891465
0,0134715847
0,0133484816
0,0132371215
0,0131230093
0,0130170332
0,0129156643
0,0128118004
0,0127192139
0,0126204229
0,0125384079
0,0124500431
0,0123661747
0,0122911175
0,0122054461
0,0121225276
0,0120289269
0,0119603322
0,0118851149
0,0117995049
0,0117318322
0,0116684734
0,0115998648
0,0115348147
0,0114694442
0,0114024616
0,0113486917
0,0112891532
0,0112311299
0,011180099
0,0111273787
0,0110733816
0,011024625
0,0109686953
0,0109266573
0,0108755296
0,0108206477
0,0107853449
0,0107288984
0,0106828156
0,0106344269
0,0105905523
0,010545629
0,0104895392
0,0104522369
0,0104091819
0,0103792436
0,0103197861
0,0102957123
0,0102484049
0,0102221565
0,0101899309
0,0101524507
0,0101189194
0,0100925583
0,0100525002
0,010021354
0,00998943392
0,00995725579
0,00992781668
0,00989705696
0,00986560434
0,00983788911
0,00981965009
0,00979394931
0,00976336654
0,00973481405
0,00970593839
0,0096881818
0,00965426396
0,00962927285
0,00958747509
0,00956111401
0,00953903887
0,00951370876
0,0094829807
0,00947511754
0,00945164076
0,00941930152
0,00940602459
0,00938925053
0,00937808398
0,00935317296
0,00934390816
0,00932552292
0,00931192375
0,00928635243
0,00927299447
0,00925805699
0,00923780258
0,00921925716
0,00919692404
0,00918719172
0,00916584115
0,00914481375
0,00912928115
0,0091092037
0,00908090919
0,00906751863
0,00905395206
0,00904004648
0,00902083888
0,00900904461
0,00899101328
0,00897781644
0,00896031875
0,00895029585
0,00893289316
0,00891020614
0,00888950098
0,00888196006
0,0088744834
0,0088575324
0,00884657539
0,00883482862
0,00883453898
0,00882965605
0,00881393067
0,00879267696
0,00877295434
0,00876164343
0,00874617416
0,0087279668
0,00870871078
0,00868981052
0,0086759692
0,00865792203
0,00863908603
0,00863178726
0,00862416531
0,0086091319
0,00860415305
0,00859093945
0,00858130492
0,00857518147
0,00856654439
0,00855407305
0,00854804646
0,00853918399
0,00853768549
0,00852519832
0,00851364526
0,00850699003
0,00849189236
0,00847175065
0,00845486484
0,00844756513
0,00844120047
0,00843224115
0,00841417815
0,00841218046
0,00839945115
0,00838241912
0,00836885254
0,00836965814
0,00836102105
0,00835198163
0,00834958069
0,00833572354
0,00831743516
0,00830012932
0,00828435551
0,00827412307
0,00825875066
0,00824608653
0,00823566131
0,00823888368
0,00823226105
0,00823421031
0,00823738519
0,00823267921
0,00822510663
0,008212151
0,00820805877
0,00818683765
0,00817175582
0,00815440248
0,00814892351
0,00813223049
0,0081272358
0,00811312068
0,00811601988
0,00810867268
0,00810208264
0,00809396151
0,0080996016
0,00810554716
0,00809599179
0,00809815153
0,00810710992
0,00810280814
0,00810466054
0,00809360761
0,00809143204
0,00808136165
0,00806250888
0,00805939827
0,00805857684
0,00804131943
0,00802301522
0,00801085028
0,00800231005
0,00798796955
0,00797735061
0,00798129849
0,00797018036
0,00796808581
0,00796444341
0,00795651599
0,00794882979
0,00794692896
0,00792699679
0,00792076066
0,0079055177
0,00789854116
0,00789675302
0,00789029151
0,00788992084
0,00787989795
0,00788643956
0,00787732005
0,00787828676
0,00786326918
0,00786330178
0,00785671081
0,00785384327
0,00784216076
0,00782843306
0,00782880373
0,00782588683
0,00780717935
0,00780529389
0,00780347315
0,0077967057
0,00779011566
0,00778877828
0,00778910052
0,007781866
0,00777962571
0,00778197823
0,00778289651
0,00777911022
0,00777495279
0,00776768615
0,00777311576
0,00776209449
0,00775237847
0,00775629375
0,00774193694
0,00773723237
0,00773217249
0,00771625293
0,00771968485
0,00771414209
0,0076996563
0,00769243761
0,00768915051
0,0076734242
0,00767002394
0,00767276342
0,00765984039
0,00766322435
0,00765170343
0,00765287969
0,00766071118
0,00764772342
0,00764416297
0,00764003768
0,0076225386
0,00761127565
0,00761601328
0,00759993167
0,007606667
0,00760613568
0,00761319324
0,00762817822
0,00761337019
0,00761059857
0,0076007694
0,00760357314
0,00760381482
0,00759456632
0,00758428592
0,00757709983
0,00757012236
0,00755299394
0,0075491108
0,00755652319
0,00755644217
0,00755388056
0,00755597557
0,00755797326
0,00756691629
0,00756317749
0,00757147604
0,0075671738
0,00755636161
0,00755407381
0,00755645846
0,00754585629
0,00753839546
0,00753053277
0,00752579513
0,00751532148
0,00750226993
0,00750035233
0,00748992711
0,00749265076
0,00748978229
0,00748095242
0,0074796793
0,00747028551
0,00746740121
0,00746851274
0,00747402338
0,00746749807
0,00745318923
0,00744563201
0,00744485901
0,00743770459
0,00742958392
0,00742497527
0,0074243471
0,00741638708
0,0074253939
0,00741996383
0,00742313871
0,00742921326
0,00742969615
0,0074320808
0,00743709225
0,0074371891
0,00742220412
0,00741712795
0,00741179473
0,0074114562
0,00742004485
0,00741596799
0,00741408253
0,00741137564
0,00741008669
0,00741728954
0,00741638708
0,00741250347
0,0074187396
0,0074102804
0,00741237495
0,00741094024
0,00740916794
0,00741651561
0,00742031866
0,0074114562
0,00740607408
0,00740149803
0,00738108297
0,00737487943
0,00736519554
0,00735612353
0,00734328106
0,00733506353
0,00732750678
0,00732470303
0,00731543777
0,00731229595
0,00732110999
0,00731377815
0,00731930509
0,00731461588
0,00731746805
0,00731932139
0,00730564072
0,00729126809
0,00730091985
0,00729547394
0,00729502225
0,00728314695
0,00727934436
0,00728147104
0,00727734668
0,00727422023
0,00725928368
0,00724587775
0,00723082758
0,00721545564
0,00720693171
0,0071860007
0,00716995215
0,00716013927
0,00715598184
0,0071419957
0,00713416468
0,00713474489
0,00713857961
0,00713891815
0,00714247906
0,00715351663
0,00717001641
0,00716237863
0,00716958148
0,00717251375
0,00717897526
0,00718545308
0,00717941066
0,00717588141
0,00718635506
0,00718434154
0,00717552704
0,00717739621
0,0071840831
0,00717825023
0,00717325555
0,00717746093
0,0071567879
0,00715287169
0,00714773172
0,00714418711
0,0071298629
0,00712266005
0,00711827678
0,00712145166
0,00711260549
0,00710435537
0,00709370477
0,00709149707
0,00708632497
0,00706476531
0,00706263817
0,00706571619
0,00705925468
0,00705561321
0,00704913539
0,0070605278
0,00705769145
0,00704441452
0,00705039221
0,00704778218
0,00703893601
0,00702931638
0,00702551333
0,00702105043
0,00701344525
0,00699949078
0,00699908845
0,00699871731
0,00699243322
0,00698642292
0,00697951065
0,00696584628
0,00697172805
0,0069753048
0,00697396788
0,00698495702
0,00698964623
0,00699755735
0,00699731521
0,00699360994
0,00698914611
0,00699051609
0,00698809931
0,00697978446
0,00698068691
0,00696328468
0,00697888247
0,00697478931
0,0069693108
0,00696191471
0,00696670031
0,00696011027
0,00694006541
0,00695020053
0,00696043251
0,0069760303
0,00698245922
0,00698276562
0,0069767069
0,00698701944
0,00698629394
0,006984103
0,00698653608
0,00698196003
0,00698379706
0,00698166992
0,00699356151
0,00699396384
0,00700698373
0,00701146293
0,00700859492
0,00700790202
0,00700243981
0,00700285844
0,00699808914
0,00699575291
0,00698316842
0,00699174078
0,00699177291
0,00698669673
0,00698332907
0,00698718056
0,00699349679
0,00699897529
0,00699739623
0,00699507584
0,00700424425
0,00700687058
0,00700975488
0,00700577534
0,00700685428
0,00702151749
0,00702109886
0,00702459504
0,00702348351
0,00702416012
0,00702059874
0,00701292883
0,00701238121
0,00700902985
0,00700339069
0,00699929753
0,00699194986
0,0069782054
0,00698995217
0,00698790559
0,00698400614
0,00698324851
0,00698502128
0,00698552094
0,00697688385
0,00699713826
0,006984103
0,00697768991
0,00697678793
0,00696749007
0,00696558877
0,00696876319
0,00696589471
0,00697480561
0,00696810241
0,00697752879
0,00697651319
0,00698204012
0,00696368748
0,00696760322
0,00696710357
0,00697219558
0,00697006797
0,00696096429
0,00697016483
0,00697179231
0,00697677163
0,00698328064
0,00697274319
0,00698337797
0,00698294257
0,00698233023
0,00697917258
0,00698361918
0,0069892751
0,00698640709
0,00698912981
0,00699049979
0,00699746049
0,00699804071
0,00698540778
0,00698088016
0,00698089646
0,00698732538
0,00697198556
0,00697588501
0,00696702254
0,0069712447
0,00696104485
0,00697221094
0,00696805398
0,0069715185
0,00697488617
0,00698281405
0,00699212681
0,00698735751
0,0069895978
0,00698940409
0,00699190143
0,00699225626
0,00698473164
0,00699209515
0,00699528539
0,00698774447
0,00699093472
0,00698917824
0,00699381902
0,00698829209
0,00698460219
0,00699161132
0,00699673546
0,00698697101
0,00698444154
0,0069826045
0,00697886617
0,00697008427
0,00696573406
0,00696662021
0,00696421926
0,00695418054
0,00695911096
0,00695964321
0,00695427739
0,00695448648
0,00696280132
0,00697147008
0,00697567546
0,00697335554
0,00697814067
0,00696383276
0,00698212068
0,00697342026
0,00697158323
0,00697338767
0,00695933727
0,00695401942
0,00695319799
0,00695864437
0,00694214412
0,00694510899
0,006934233
0,00694303028
0,00692767463
0,00692443596
0,0069228732
0,00692035909
0,00692271161
0,00692158378
0,00691741006
0,0069177323
0,00690398784
0,00689825182
0,00689773634
0,00688803568
0,0068752584
0,00687393685
0,00688162306
0,00687234196
0,00687332451
0,00689298287
0,0068947873
0,00688937352
0,0068856026
0,00688170362
0,00688972789
0,00687612826
0,00687039224
0,00687607983
0,00687205186
0,00686098216
0,00685833953
0,00685126613
0,00685385987
0,00685149151
0,00684588402
0,00685582635
0,00685914512
0,00686704088
0,00687504885
0,00687582232
0,00687846494
0,00688666664
0,00689050136
0,00689116213
0,00689170975
0,00689164549
0,00689794588
0,0068892287
0,00688661821
0,0068818489
0,0068763704
0,00687614455
0,00687860976
0,00687248678
0,00686929654
0,00687251891
0,00687740137
0,00687561277
0,00687027908
0,00687530683
0,00687171379
0,00686362478
0,00686990888
0,00686323782
0,00686478475
0,00685879075
0,00685215229
0,00685724383
0,00684095313
0,00684822024
0,00684422487
0,00683953566
0,00685671251
0,00685701845
0,00685608386
0,00685329642
0,00685042794
0,00684274174
0,00684511102
0,00684195244
0,00683566788
0,00683649023
0,00683046365
0,00682733813
0,00682556489
0,00683386344
0,00683513656
0,00683758547
0,00683363806
0,00683982577
0,00684477249
0,00685099186
0,00685584219
0,00685170106
0,00685539096
0,00685832323
0,0068645915
0,00686700828
0,00685727596
0,00685310317
0,00684581929
0,00684633525
0,00684288702
0,00683908397
0,00684016384
0,00682841753
0,0068254848
0,00682925526
0,0068161874
0,00682026427
0,00682504987
0,00681531755
0,00681700883
0,00682171434
0,00682242354
0,00681597832
0,00681712199
0,00680685834
0,00679889833
0,00680313585
0,00679889833
0,00680084759
0,00680196005
0,00680131511
0,00680526299
0,00680073536
0,00679746409
0,00680355448
0,00679556233
0,00678512174
0,00679287174
0,00678196316
0,00677532469
0,00676419027
0,0067675258
0,00676981406
0,00675929198
0,00676817027
0,00676294974
0,00675821211
0,00675951736
0,00676332041
0,00676651019
0,00677126413
0,00678537925
0,00678874691
0,00678890803
0,00677769305
0,00678389705
0,00677828956
0,0067734234
0,00676267594
0,00676296558
0,00676468946
0,00675900187
0,00675312057
0,00674068136
0,00674788374
0,00674564437
0,00672753294
0,00673412298
0,00673288246
0,00673637911
0,00673692673
0,0067442744
0,00673231855
0,00673267291
0,00672983704
0,00673800613
0,00673566991
0,0067336075
0,00672969222
0,00672592176
0,00672477763
0,00670673092
0,00670814886
0,00672637252
0,00673185149
0,00674063293
0,00673494488
0,00674121314
0,00673368852
0,00673512229
0,00673381704
0,0067257923
0,00672153849
0,00671676918
0,00671201571
0,00671151652
0,0067154318
0,00670721428
0,00671391701
0,00671588303
0,00671696243
0,00671754265
0,00671907328
0,00672616297
0,00673457467
0,00672891875
0,00672294059
0,00672980491
0,00671875104
0,00670613488
0,00671341782
0,00670808413
0,00670234812
0,00669844867
0,00670244498
0,00668581575
0,00668953824
0,00668094959
0,00668633123
0,00667985389
0,0066686552
0,00665178475
0,00667332857
0,00667790463
0,00667656678
0,00667798519
0,00667601916
0,00667018629
0,006666061
0,00666791386
0,00666387006
0,0066608563
0,00665729539
0,00665650609
0,00665180105
0,00666398229
0,00665840692
0,00665251025
0,00666535226
0,00666759163
0,00665824627
0,0066641923
0,00666749523
0,00666105002
0,00666138855
0,00665470166
0,00665325112
0,00665700575
0,00664922269
0,00665360549
0,00666098529
0,00666855834
0,00667363451
0,00668776594
0,00668143294
0,00667827529
0,00669303443
0,00668766908
0,0066980943
0,00670154253
0,00671043712
0,00671233795
0,00671034026
0,00670684361
0,00671000173
0,00669508101
0,0067043621
0,00669193873
0,0066918903
0,00669419486
0,00669024651
0,00669640209
0,00668853893
0,00669461349
0,00670357281
0,00669187447
0,00670254137
0,0067032664
0,00670225126
0,00670046266
0,00669872248
0,00669132685
0,00668283505
0,00668857106
0,00667643826
0,00667779147
0,00667084706
0,00667066918
0,00667687319
0,00667845224
0,00668014399
0,0066859927
0,00667245825
0,00666722143
0,00667124986
0,00666237156
0,00666765635
0,00666836556
0,00665803719
0,00665940623
0,00666190404
0,0066501093
0,00664861034
0,00664538796
0,00664271321
0,00665416941
0,00665623228
0,00666440138
0,00666781747
0,00666258065
0,00667123356
0,00667419843
0,00667930627
0,00667746923
0,00667658308
0,00668634753
0,00667535839
0,00666040554
0,00666557764
0,00666098529
0,0066531226
0,00664725713
0,00664007058
0,00664029642
0,00664198817
0,00664285803
0,00663481792
0,00664619356
0,0066457265
0,00663973204
0,00664857868
0,00664451811
0,00663976417
0,00664416328
0,00663868477
0,00663995789
0,0066350433
0,00663086958
0,00663509173
0,00663449568
0,00663965195
0,00663852365
0,00664714397
0,00664717657
0,00665692472
0,00666259694
0,00665125343
0,00666670547
0,00665138196
0,00664778891
0,00664371205
0,00664558121
0,00664356723
0,00664385734
0,00663758907
0,00663845939
0,00664103729
0,00663420557
0,00663546193
0,00664313184
0,00664775632
0,00664384104
0,00665716687
0,00666370848
0,00666444981
0,00667329598
0,00666581932
0,00666514225
0,00665732799
0,00665147881
0,0066508986
0,0066553778
0,00664498517
0,00664332555
0,00664600031
0,00664015114
0,00664678961
0,00663995789
0,00664525898
0,00664297118
0,00663306144
0,00663968408
0,00664092507
0,00664388947
0,00664327712
0,00664511416
0,00663942564
0,00663657439
0,0066383304
0,00663288403
0,00662664836
0,00663172407
0,00663133757
0,00662784045
0,00663559138
0,006644228
0,00663741212
0,00663775019
0,00663670292
0,00662848493
0,00661942968
0,00661530438
0,00660827942
0,00661406386
0,00661085778
0,00661863991
0,00662597129
0,00661996146
0,00662647141
0,00662690587
0,00664089247
0,00663575204
0,00664455024
0,00665336381
0,00665268721
0,00666095316
0,00665930984
0,00666562607
0,00666565867
0,00666117854
0,00665877806
0,00666730152
0,00665602227
0,00664991559
0,00664891628
0,00664464663
0,00664002262
0,00663902331
0,00663779862
0,00663592945
0,00664769206
0,00663863634
0,00663757324
0,00664965808
0,00664778891
0,00663752481
0,0066368319
0,00664121471
0,00663265865
0,00663547823
0,00661942968
0,00662885606
0,00662671262
0,00662780832
0,00662998342
0,00662814686
0,00663704099
0,00663853948
0,00664092507
0,00663884589
0,00663219112
0,00663407659
0,00663170823
0,00663251336
0,00662141153
0,00661976821
0,0066173831
0,00661834981
0,00660724844
0,00660533085
0,00660566939
0,00660502444
0,00660310685
0,00660300999
0,00661169551
0,00661490205
0,00662806676
0,0066287429
0,00662784045
0,00663140183
0,00663016131
0,00662439269
0,00662582647
0,00662510143
0,00662379665
0,00661921966
0,00662647141
0,00662039685
0,00661098631
0,00660396087
0,00659687072
0,00659874035
0,00659218244
0,00659008789
0,0065874285
0,00659875618
0,00658572092
0,0065944218
0,00658680032
0,00658989418
0,00658620428
0,00657730968
0,00657426426
0,00657051056
0,00656156754
0,00656683649
0,00656187348
0,00657569896
0,00656375894
0,0065748766
0,00657408731
0,00657871179
0,0065745064
0,00657682633
0,00657653668
0,00657411944
0,00657503819
0,00657793786
0,00657405517
0,00657719699
0,013814602
0,0762835741
0,145800352
0,211886405
0,275175064
0,335969895
0,394421041
0,450662136
0,504810094
0,55695796
0,607171893
0,655551075
0,702167987
0,747094094
0,790383636
0,832111597
0,872330009
0,911112606
0,948491513
0,984529018
1,01928222
1,05279934
1,08510458
1,11625611
1,14632141
1,17529463