1.98383653
1.98381483
1.98379921
1.98380339
1.98404133
1.98396217
1.98369395
1.98377525
1.98360741
1.98380398
1.98404061
1.9837346
1.9842118
1.9840579
1.98400223
1.98425161
1.98401331
1.98387432
1.98371481
1.98386514
1.98382258
1.9837619
1.98382091
1.98373067
1.98351216
1.98369967
1.98362731
1.98370432
1.98367869
1.98360633
1.9838097
1.98372757
1.98371005
1.98379528
1.98380851
1.98400759
1.98387777
1.98397433
1.98434174
1.98410451
1.98417794
1.98406565
1.98395752
1.98385119
1.98364472
1.98386788
1.98381173
1.98362958
1.98390078
1.98381197
1.98399162
1.98403286
1.98387157
1.98407256
1.98399555
1.98408651
1.98420751
1.98403394
1.98396837
1.98383951
1.98412466
1.98400306
1.98372638
1.98414731
1.98429119
1.98421764
1.98450052
1.98432004
1.98419749
1.98407411
1.98405516
1.98410594
1.98405098
1.98389399
1.98421645
1.98369121
1.9839878
1.98372173
1.98383498
1.98396682
1.98365199
1.9840157
1.98375594
1.98369204
1.98390996
1.98374652
1.98397743
1.98406791
1.98379313
1.98409116
1.98429489
1.9843899
1.98418176
1.98444497
1.98431968
1.98374855
1.98375475
1.98399364
1.98362076
1.98395419
1.9837259
1.9838469
1.98399281
1.98398351
1.98436629
1.98403227
1.98429
1.98423445
1.98423314
1.98430311
1.98412406
1.98383104
1.98424351
1.98402202
1.98414778
1.98420906
1.98420858
1.98450827
1.98435354
1.98441147
1.98451733
1.98435044
1.98411881
1.98406684
1.98437869
1.98426663
1.98403251
1.98423421
1.98399138
1.98395037
1.9840207
1.98387002
1.98396158
1.98402166
1.98397207
1.98388159
1.98380148
1.98412501
1.98411285
1.98396432
1.9843353
1.98392522
1.98429858
1.98446786
1.98426747
1.98460447
1.98421704
1.98441612
1.98421144
1.9837954
1.98420512
1.98390448
1.98388051
1.98400592
1.98408007
1.98414158
1.98418998
1.9842813
1.98445463
1.98420679
1.98432445
1.984218
1.98435878
1.98452425
1.98402416
1.98419749
1.98430967
1.98418509
1.98459196
1.98432934
1.9847536
1.98453283
1.98446655
1.98452579
1.98425853
1.98410665
1.98446846
1.98415708
1.98423683
1.98429548
1.98403894
1.98422515
1.9840393
1.98413968
1.98415529
1.98396337
1.98408699
1.98405337
1.98413276
1.98395419
1.9841243
1.98444533
1.98420715
1.98425865
1.98433411
1.98429608
1.98454177
1.98448753
1.98447859
1.98432064
1.98453438
1.98415172
1.98401379
1.98403251
1.9841454
1.98412454
1.98431348
1.98412775
1.98438107
1.98434197
1.98423504
1.9844824
1.98450601
1.98418951
1.98438549
1.98435461
1.98435819
1.98433208
1.98424696
1.98448812
1.98441898
1.98440313
1.98455333
1.9845947
1.98486948
1.98461675
1.98446774
1.98440062
1.98431622
1.98423314
1.98416793
1.98416435
1.98447632
1.98401999
1.9845153
1.98422765
1.98407649
1.98415982
1.98413825
1.9842658
1.9842298
1.98404216
1.98423576
1.9842664
1.98424267
1.98444211
1.9843353
1.98457503
1.98448872
1.98469233
1.98468935
1.98476564
1.98456227
1.98438715
1.98391628
1.98435127
1.98415505
1.98414206
1.98429608
1.98440897
1.98435306
1.98433136
1.98441278
1.9845581
1.98432004
1.98449683
1.98452854
1.98424541
1.98452389
1.98435115
1.98455655
1.98437798
1.98446476
1.98441612
1.98451781
1.98482942
1.98477208
1.98457705
1.98489546
1.98434066
1.98452627
1.98456585
1.98431813
1.98445296
1.98439657
1.98450767
1.98420274
1.98438513
1.98427569
1.98436582
1.9842571
1.98437619
1.98412215
1.98436391
1.9842391
1.98426735
1.98446822
1.98427832
1.98455655
1.98458695
1.98471045
1.98472464
1.98467373
1.98473536
1.984573
1.98432064
1.98429036
1.98420584
1.98436772
1.98439192
1.98403155
1.984326
1.98426234
1.98466324
1.98446118
1.98442709
1.98473179
1.98428034
1.98455786
1.98477864
1.98444759
1.98454391
1.98449242
1.98448467
1.9845916
1.98459565
1.98478972
1.98473608
1.98470783
1.98499071
1.98485124
1.98471438
1.98460948
1.98455262
1.98465168
1.98419344
1.98463654
1.98462915
1.98435306
1.98459386
1.98443412
1.98424708
1.98434698
1.9841907
1.98442089
1.98438787
1.98421216
1.98476564
1.98434662
1.98468649
1.98448836
1.98450422
1.98480927
1.98462462
1.98479604
1.98483943
1.98474001
1.98476743
1.98417091
1.98440968
1.9845395
1.98423182
1.98449063
1.98409247
1.98447501
1.98443472
1.98431324
1.98473644
1.98452937
1.98460257
1.98467683
1.98450994
1.98469829
1.98460185
1.98445689
1.98455107
1.98454093
1.98464
1.98466515
1.98462641
1.98495852
1.98474967
1.98494374
1.98483693
1.98454558
1.98471212
1.98441278
1.984501
1.98465669
1.98437666
1.98476755
1.9843198
1.98433804
1.98443984
1.98424887
1.98449492
1.98458468
1.98410916
1.98452079
1.98433685
1.9845401
1.98466825
1.98454988
1.98454284
1.98442816
1.98489797
1.98483765
1.98473846
1.9851402
1.98475706
1.98461258
1.98436653
1.98415601
1.98458278
1.98437166
1.98414885
1.98458671
1.98447656
1.9845947
1.98436856
1.98458051
1.98471224
1.98462069
1.98472189
1.98456275
1.98449134
1.98473298
1.98442196
1.98466134
1.98450803
1.98472499
1.98488831
1.98479735
1.9849267
1.9851216
1.98479783
1.9850049
1.98467922
1.98468232
1.98476684
1.98438096
1.98473727
1.98439419
1.98455488
1.98456954
1.98433268
1.98456227
1.98438405
1.98415517
1.98457884
1.98447287
1.98460137
1.984609
1.98445892
1.98478174
1.98450052
1.98454403
1.98489272
1.98471558
1.98506355
1.98489058
1.98498201
1.98474037
1.98449707
1.9846282
1.98435473
1.98454105
1.984622
1.98442578
1.98458194
1.9845544
1.98461568
1.98465609
1.98461496
1.98481929
1.98457849
1.98470973
1.98488152
1.98451042
1.9848895
1.98483681
1.98448133
1.98470544
1.98465323
1.98469901
1.98492014
1.98476898
1.9850192
1.98498201
1.98463976
1.98487639
1.98441314
1.98490893
1.98451995
1.98452544
1.98459243
1.98454129
1.98466527
1.98440778
1.98449456
1.98463475
1.98430812
1.98444795
1.98462581
1.98414862
1.98481118
1.98446917
1.98474633
1.98474204
1.98444533
1.98480558
1.98479163
1.98506546
1.98511874
1.98466873
1.98486709
1.98443162
1.98424112
1.98456227
1.98446667
1.98452651
1.98432433
1.98439788
1.98476028
1.98454451
1.98479545
1.98481476
1.98475432
1.98490107
1.98481321
1.98459446
1.98480868
1.98454356
1.98495066
1.98465406
1.98455107
1.98474633
1.98478484
1.98513984
1.98522222
1.98482513
1.98503506
1.9847058
1.98487174
1.98477518
1.98460447
1.98479807
1.98463702
1.98464477
1.98460161
1.98445987
1.98472261
1.98447227
1.98455178
1.98452937
1.98470485
1.98463964
1.98436081
1.9845972
1.98477327
1.98445343
1.98484218
1.98484301
1.98477494
1.98494958
1.98511326
1.98502469
1.98480963
1.98452281
1.98475503
1.9843682
1.98442292
1.98454082
1.98452556
1.98476481
1.98439383
1.98469316
1.98481547
1.98455345
1.98478722
1.98476052
1.9847517
1.98483192
1.98456621
1.984766
1.98484265
1.98470437
1.98469901
1.98468244
1.98481714
1.98486292
1.9850254
1.98514127
1.98501503
1.98476433
1.98461186
1.98481678
1.9846785
1.98469769
1.98470139
1.98473954
1.98435378
1.98479735
1.98446393
1.98444283
1.98474121
1.98434996
1.98468339
1.98446035
1.98462879
1.98456966
1.98449587
1.98481392
1.98478138
1.98475873
1.98487508
1.98473489
1.9851675
1.9851042
1.98512339
1.98454642
1.98449277
1.98459744
1.98464512
1.98452377
1.98453891
1.98466873
1.98470091
1.98469626
1.9844774
1.98490929
1.98495936
1.98488759
1.98488175
1.9847157
1.98480236
1.98472213
1.98475778
1.98483061
1.98481237
1.98479509
1.98489868
1.98478698
1.98522877
1.98516023
1.98500227
1.98507082
1.98479354
1.98491966
1.98459792
1.98485743
1.98486757
1.98459398
1.98489868
1.98449361
1.98447942
1.98473381
1.9842931
1.98453438
1.9845227
1.98439955
1.98474228
1.98456156
1.9846549
1.98489344
1.98457419
1.98488962
1.98474633
1.98486113
1.98523461
1.98511695
1.98509871
1.98492586
1.9847722
1.98478341
1.98455536
1.98456764
1.98465514
1.98445582
1.98456621
1.98481476
1.98475623
1.98488616
1.98473155
1.98495924
1.98467779
1.98497116
1.98476564
1.98474931
1.9849627
1.984712
1.98471224
1.98489344
1.98488247
1.98488485
1.98493993
1.9851557
1.98537802
1.98489367
1.98498642
1.98479616
1.9847238
1.98495161
1.98454046
1.98481738
1.98462927
1.98449146
1.98467254
1.98459136
1.9846853
1.98449599
1.98444724
1.98467719
1.98456466
1.9846307
1.98478269
1.98468542
1.98485779
1.98453247
1.98497819
1.985062
1.9848423
1.98511886
1.98482954
1.98518657
1.98502945
1.98442137
1.9846791
1.98454058
1.9844824
1.98478174
1.98464274
1.98467731
1.98461639
1.98468315
1.98488521
1.98485314
1.98487508
1.98488998
1.98466682
1.98498558
1.98470711
1.98482143
1.98481357
1.98470664
1.98491442
1.98481512
1.98483872
1.98495697
1.98515057
1.98532319
1.98504793
1.98483848
1.98493409
1.98459041
1.98478531
1.98477447
1.98473107
1.98490798
1.98460745
1.98470509
1.98457777
1.98435747
1.9847486
1.98447394
1.98441696
1.98476707
1.98463749
1.98494338
1.98474228
1.9846574
1.9850943
1.98499846
1.98489177
1.98492562
1.98497927
1.98525285
1.98491358
1.9847784
1.98468852
1.98451304
1.9846704
1.98456609
1.984573
1.98480248
1.98457467
1.98495531
1.98497986
1.98482561
1.9848957
1.98472034
1.98501539
1.98485493
1.98492133
1.98481714
1.98465681
1.9848597
1.98489189
1.98469424
1.98492407
1.98495817
1.98526525
1.98511219
1.9850732
1.98511838
1.98465275
1.98469269
1.98483967
1.98494696
1.98480045
1.98464941
1.98471724
1.98466849
1.98449027
1.98460566
1.98456227
1.98457503
1.98464083
1.98446416
1.9846183
1.98464369
1.98465013
1.98490548
1.9845997
1.98486399
1.98494184
1.98493325
1.98510837
1.98483908
1.98513615
1.98500931
1.98458206
1.98483169
1.98439013
1.98454511
1.98475158
1.98461651
1.98482728
1.9845463
1.98485648
1.9847455
1.98495972
1.98484003
1.98488771
1.98410761
1.95873737
1.90175223
1.83762931
1.77286231
1.71024227
1.64970982
1.59159934
1.5357753
1.48206448
1.42990851
1.38004338
1.33179306
1.28511428
1.24037194
1.19722366
1.1557573
1.11545526
1.07698607
1.0398128
1.00361466
0.969177305
0.935800909
0.903465569
0.872654616
0.842732965
0.813732802
0.785824239
0.759082317
0.733384728
0.708304822
0.684223413
0.661291241
0.638612747
0.617310285
0.596243023
0.576531052
0.556996822
0.538024067
0.52007842
0.502282261
0.485476166
0.469201564
0.453292906
0.438543081
0.423868954
0.409665822
0.396531671
0.383188575
0.370727747
0.358366757
0.34672603
0.335351407
0.324156939
0.313912332
0.30347529
0.293477982
0.28401038
0.27470234
0.265990912
0.257495701
0.249284014
0.241412833
0.23393771
0.22602114
0.218798652
0.211678534
0.205206081
0.198537275
0.192302942
0.186343163
0.180303022
0.174778282
0.169179007
0.16376695
0.158974289
0.153976559
0.149344578
0.144761905
0.140121519
0.136215358
0.132053256
0.128241792
0.124457903
0.120595835
0.117229603
0.113571301
0.110410846
0.107352197
0.104032516
0.10139545
0.0979973077
0.0951112434
0.0922538861
0.0897646024
0.087079674
0.0846215635
0.0822613388
0.080179125
0.0776396542
0.0758831575
0.0737137869
0.0715942978
0.0699493214
0.0679818168
0.0662240087
0.0647182539
0.0625424981
0.0609669871
0.059327811
0.0580986104
0.0565386153
0.0551342293
0.0539699941
0.0525654666
0.0515503212
0.050164204
0.0488188415
0.0475177094
0.0463922023
0.0453039593
0.0441182628
0.0431540161
0.0421902053
0.0411736071
0.0401214733
0.0392313338
0.0383567102
0.0375624261
0.0364931821
0.0357741676
0.0351133048
0.0343942902
0.0337208136
0.0330181829
0.0325374379
0.0319783799
0.0310647469
0.0305803734
0.0302764102
0.0294825639
0.0294660311
0.0288843493
0.0278989318
0.0274194907
0.026662914
0.0264011509
0.0258576087
0.0254326984
0.024757333
0.0244007259
0.0242610704
0.0239077974
0.0234825946
0.0232688337
0.0226884596
0.0226266793
0.0221362169
0.0218875054
0.0216617081
0.0212312843
0.0209325402
0.0207590945
0.0200477652
0.0202277377
0.0200727079
0.0198147147
0.0197754148
0.0193731263
0.0193145368
0.0188620705
0.0183703042
0.018380599
0.0179662741
0.0179145019
0.0179105866
0.0172613263
0.0173322428
0.0169110987
0.0169353187
0.0166497714
0.0163745209
0.0164758898
0.0159965939
0.0158871058
0.0158393904
0.0157925486
0.0158263407
0.01561548
0.0156148988
0.0152523443
0.0151885375
0.0152249354
0.0151153011
0.015157937
0.01490473
0.014688068
0.0145455105
0.0144264493
0.0139368567
0.0140728857
0.0138692762
0.0139258345
0.013733102
0.0138965398
0.0138797191
0.0137621061
0.0137232402
0.0135699519
0.0134141985
0.0136088179
0.013194493
0.0133444443
0.0132395932
0.0131947835
0.0132194366
0.0129251871
0.0129131507
0.0131828896
0.0129269277
0.0133412526
0.0131073342
0.0127375312
0.0128589142
0.0125706112
0.0126323904
0.0125349359
0.0122844828
0.0124925877
0.0121748475
0.0122082028
0.012210668
0.0118581214
0.0120681133
0.0119129382
0.0117348516
0.0118919098
0.0114623568
0.0118325958
0.0118259256
0.0117669021
0.0118108429
0.0117407981
0.0118703022
0.0117815509
0.0116917826
0.0121623752
0.0118331769
0.0116220256
0.0116253616
0.0113518508
0.0112722348
0.0110399099
0.0111644836
0.0113682402
0.0111327236
0.0113111007
0.0112264072
0.0112847071
0.0113314026
0.0111505622
0.0112832561
0.0112529471
0.0111160473
0.0113577973
0.011104444
0.0110431015
0.0113108102
0.0107775665
0.0111386701
0.0111027052
0.0110983541
0.011079356
0.0112816607
0.0112876072
0.0109402816
0.0108049754
0.0107836574
0.01070288
0.0108692208
0.0106165939
0.0106934541
0.0106686558
0.010623699
0.0108486274
0.0103142242
0.0105643849
0.0105140637
0.0103043625
0.0104473531
0.0105010103
0.0102943554
0.010778727
0.0104821585
0.0104821585
0.0106650302
0.0105173988
0.010845147
0.0104673663
0.0106875095
0.0109405703
0.0103675918
0.0103883296
0.0101754385
0.0101767433
0.0103585999
0.0098640779
0.0102234398
0.0102145941
0.0101132234
0.010475343
0.0103232152
0.0104464842
0.0102692674
0.0102369273
0.0103994961
0.0101517997
0.0103303212
0.0101755838
0.0100964019
0.0103585999
0.0100914714
0.0102485287
0.0103957252
0.0103416331
0.0105027519
0.0104253096
0.0102788386
0.0104318363
0.00998865067
0.0102295316
0.00989641714
0.0100047485
0.0100484006
0.00999604724
0.00993803888
0.00978083536
0.00975400675
0.0100953858
0.00980679411
0.00982579216
0.00994717422
0.00974544975
0.0098817693
0.0098024439
0.0102536054
0.0100198304
0.00982956215
0.0101040881
0.00987814553
0.0101451287
0.0100080836
0.0100739225
0.0101712327
0.00973515305
0.00959520787
0.00974283926
0.00961130578
0.00973370298
0.00948963314
0.00968860182
0.00979809276
0.00972993299
0.00984145421
0.0098260818
0.0097386334
0.00986668746
0.00992832239
0.0098234713
0.00997835397
0.00965988822
0.00980838946
0.00965698715
0.00978576671
0.00964379031
0.0097221015
0.00998140033
0.00995123572
0.00990236364
0.010046225
0.00973616912
0.00973109249
0.00979345291
0.00945932324
0.00966003257
0.00968584697
0.00964785087
0.00976647809
0.00925295706
0.00955967791
0.00929211266
0.00952414795
0.00962435733
0.00925817899
0.00949572399
0.00956692826
0.0095789656
0.00964669138
0.00952197238
0.00950253941
0.00967511441
0.00955967791
0.00979519262
0.00974298454
0.00995065458
0.00990047771
0.00938536226
0.00960564892
0.00947919115
0.0094491709
0.0092747109
0.00948876235
0.0095051499
0.00917928665
0.00946816988
0.00942872371
0.00955706741
0.00980780925
0.00944366026
0.00955213699
0.00958215538
0.00952994823
0.00962319783
0.00928819738
0.00953241437
0.00956170819
0.00936273857
0.00962203647
0.0096239224
0.00968744233
0.0098824948
0.00965205673
0.00957737024
0.00941523723
0.00938188191
0.00944960676
0.00922554824
0.00953067373
0.00946120824
0.00937434006
0.00950456969
0.00916405953
0.00916507467
0.00924411136
0.00905427895
0.0091533279
0.00910677574
0.00910750031
0.00917754694
0.00911504216
0.00942292343
0.00919944513
0.00939217768
0.00936926435
0.00929153338
0.00941161066
0.00958375167
0.00929936487
0.00949122756
0.00927093997
0.00907661113
0.00910866167
0.00893115438
0.00904195196
0.00903832633
0.00902628898
0.00926571991
0.00908357277
0.00935737323
0.00919538456
0.00930211972
0.00930966064
0.00923874601
0.00938811711
0.0092754364
0.00922583881
0.0093395356
0.00915318261
0.00910822581
0.00927152018
0.0092104664
0.00949543341
0.00941683165
0.00942843407
0.00957302004
0.00918334722
0.00916797574
0.00888648815
0.00908966362
0.00914085656
0.00892593432
0.00915912818
0.00898901838
0.00894159637
0.00908922869
0.00865445472
0.00893956609
0.00879454519
0.00872232485
0.00887793302
0.0088534234
0.00892158318
0.00897654797
0.00891317334
0.00902338977
0.00901323743
0.00906240008
0.00917232502
0.00915608368
0.00921742804
0.00914694648
0.00908995419
0.00924135558
0.00862124469
0.00868534389
0.00861051306
0.00862254947
0.00899409409
0.00868113804
0.00895131286
0.00877409707
0.00885081384
0.00915985368
0.00872029457
0.00911083724
0.0089394208
0.00906907021
0.00896538048
0.00888141337
0.00888677872
0.00886705517
0.00893115438
0.00905021838
0.00891056191
0.00895696878
0.00936114322
0.00908473227
0.009360563
0.00893507152
0.00886168982
0.00907197128
0.00877496693
0.00912548322
0.00877467822
0.00883051101
0.00889736507
0.00861645862
0.00860993377
0.00871376879
0.00863444153
0.00880556739
0.0086358916
0.00884878356
0.00868099369
0.00873697176
0.00889562536
0.00856381654
0.00878265313
0.00898539368
0.00872420985
0.00914810691
0.0089862626
0.00909531954
0.00916231982
0.00872319471
0.00882862508
0.0086089177
0.00849101506
0.00866127014
0.00875553395
0.00870912801
0.00864444859
0.008542208
0.0088608209
0.00892129447
0.0089069372
0.00895392335
0.00877221208
0.00902672484
0.00879382062
0.00891114212
0.00879382062
0.0086443033
0.00884718727
0.00870695244
0.00889229029
0.00907820742
0.00892042368
0.00913897156
0.00906588044
0.00894551258
0.00911895837
0.00862980075
0.00895580928
0.00859064515
0.00867649819
0.00882224459
0.00865880586
0.00874900911
0.00864096824
0.00846534688
0.00865024887
0.00835861172
0.0086155897
0.00830219686
0.00859499536
0.0087867137
0.00891505833
0.00862429011
0.00886285118
0.00872566085
0.00882122945
0.00897045526
0.00903223548
0.00884066242
0.00896088406
0.00892956089
0.00867113191
0.00837644934
0.00854351278
0.00837702862
0.00848739035
0.00857411324
0.00852741673
0.00874494854
0.00866199564
0.00884037185
0.00878018885
0.00862719118
0.00901294779
0.00866707134
0.00864473823
0.00883036572
0.00872464478
0.00867229234
0.00870405137
0.0086273346
0.00884240213
0.00883660186
0.00893536023
0.00911765359
0.00897263083
0.00925165228
0.00844866968
0.00885168369
0.00897843297
0.00838602054
0.00882500037
0.00865822564
0.00857788324
0.00866083614
0.0084492499
0.00886415597
0.00825912691
0.0083902264
0.00852161552
0.00837731827
0.00855700112
0.00848391
0.00876264087
0.00867577269
0.00850218161
0.00876423623
0.00868476368
0.00884588249
0.00884037185
0.008661706
0.00891331769
0.00918595865
0.00849580112
0.00871985871
0.00840791873
0.00861428305
0.00824984442
0.00831060856
0.00850580818
0.00832946226
0.00860181264
0.00886850524
0.00845316424
0.00878990348
0.0086834589
0.00882050395
0.00867881812
0.0086454628
0.00868664868
0.00865953043
0.00857005268
0.00875596981
0.00846215616
0.0088029569
0.00876365602
0.00867417734
0.00917145609
0.0089858286
0.00867345277
0.00863676238
0.00857947859
0.00883036572
0.00838181469
0.00853524729
0.00855206977
0.00833337754
0.00862835068
0.00839457567
0.00821315497
0.0086538745
0.00805928651
0.00843808241
0.0083400486
0.00830016657
0.00842329114
0.00821765046
0.00870651751
0.00849797669
0.00842314586
0.00874654296
0.00856715161
0.00885429419
0.0087207295
0.0088600954
0.00877076108
0.00844054855
0.00835832115
0.00817283801
0.00835281051
0.00847578793
0.00821634475
0.00851581338
0.00839863624
0.00831220392
0.00861616898
0.00857338774
0.00855772569
0.00853713136
0.00863197632
0.00869085453
0.00842445064
0.00848666578
0.0085429335
0.00845055468
0.00836078543
0.0086096432
0.00848477892
0.00874726753
0.00875872559
0.00873465184
0.00887706223
0.00849855598
0.0085307518
0.00826231669
0.0085429335
0.00845606531
0.00826898869
0.00848884135
0.00837659277
0.0081987977
0.00845287553
0.00835875608
0.00825187563
0.00814731419
0.00824375357
0.00836934242
0.00824128929
0.00836934242
0.00845635589
0.00830814428
0.0084473649
0.00839950703
0.00855641998
0.00868099369
0.00856744125
0.00898234732
0.00859267544
0.00862922146
0.00836397707
0.00812396593
0.0082950918
0.00804362539
0.00832482147
0.00829596258
0.00827420875
0.00848811585
0.00848811585
0.00845940038
0.00855047442
0.00834454409
0.00863226596
0.00852059945
0.00848724506
0.00853916164
0.00831321906
0.00829364173
0.00865590479
0.0084779635
0.00859543122
0.0085852798
0.00870303716
0.00882862508
0.00852234009
0.00876583065
0.00847825407
0.00836948771
0.0086624315
0.00819401256
0.00833352282
0.00855772569
0.00830857828
0.00838993582
0.00815413054
0.00848361942
0.00826956797
0.00813078228
0.00838863011
0.00816921424
0.00821068882
0.00837630406
0.00822838209
0.00862747989
0.0081294775
0.00846172124
0.00845156982
0.00860500242
0.00869941152
0.00865967571
0.00877569243
0.00870245601
0.00820648297
0.0083352616
0.00826724711
0.00791644025
0.00839617196
0.00811976008
0.00834178831
0.00823577772
0.00819937791
0.0083613675
0.00828377995
0.00844417326
0.0085878903
0.00829088594
0.00849812198
0.00848666578
0.00843141227
0.0083938511
0.00835614558
0.00849449541
0.00826434697
0.0084746275
0.00877163186
0.00863777659
0.00903644133
0.00860108714
0.00865285843
0.00851305853
0.0082965428
0.00839515682
0.00849377084
0.00818197522
0.00849362649
0.00820401869
0.00834860466
0.0081364382
0.00804130453
0.00841879472
0.00803216733
0.0082573872
0.00828668009
0.00818458478
0.00834715459
0.00821822974
0.00817849487
0.0084960917
0.0082217101
0.00847259815
0.00856570154
0.00850290711
0.0088612549
0.00853756815
0.00842996127
0.00848797056
0.00803042761
0.00828392524
0.00815703161
0.00825506635
0.00815137475
0.00807146821
0.00848303921
0.00814644526
0.00851117353
0.00847361329
0.00838369969
0.00862747989
0.00819111149
0.00842474121
0.00841473415
0.00816964823
0.00844417326
0.00832221005
0.00827217847
0.00847361329
0.00838630925
0.00859499536
0.00873291119
0.00856251176
0.00876583065
0.00810772459
0.00834613945
0.00828073546
0.00840603373
0.00838079862
0.00786669924
0.00835585594
0.00823563244
0.00811033416
0.00833120197
0.00811787601
0.00808162055
0.00833903346
0.00792383775
0.00817327387
0.00818081572
0.00812034029
0.00839370675
0.00806363765
0.0082879858
0.0083462838
0.00832627154
0.0086712772
0.00838805083
0.00847390294
0.00849290098
0.00833874288
0.00823403708
0.00807219371
0.00816776324
0.00814876519
0.00779288308
0.00825564563
0.00796893797
0.00833178311
0.00829045195
0.00830016657
0.00840211659
0.00837586913
0.00823548715
0.00855671055
0.00832206662
0.00822026003
0.00815036054
0.00835266523
0.00832264591
0.00819299649
0.00851508881
0.00832830183
0.00851030275
0.00872682034
0.00844518933
0.00853466708
0.00848840456
0.00794239994
0.00824795942
0.00825941748
0.00808089599
0.00827667489
0.00809061247
0.00823302287
0.00805609673
0.00822330638
0.0079376148
0.00821794103
0.00814078934
0.00787177402
0.00815282575
0.00833265203
0.00800243951
0.00826188176
0.0083123492
0.00829451251
0.00846244674
0.00852625537
0.0085886158
0.00840313266
0.00854423828
0.00853046122
0.00809003133
0.0080542108
0.00826405733
0.00798866245
0.00806030258
0.00814064405
0.00799344759
0.00822533667
0.00819778256
0.0084200995
0.00834990944
0.00838050991
0.00854728464
0.0084182145
0.00840893387
0.00837978441
0.00819372199
0.00828465074
0.00800852943
0.00843474734
0.00857193768
0.00826478283
0.00847999379
0.00857048761
0.00873378105
0.00896958634
0.0080800252
0.0084459139
0.00825013499
0.00821837503
0.00844910368
0.00814020913
0.00829422194
0.0082220016
0.00801694113
0.00799504201
0.00823896843
0.00811265502
0.00810308381
0.00818995106
0.00823780801
0.00795762799
0.00830205343
0.00843097735
0.00815543718
0.00836397707
0.00815732218
0.00833439268
0.00861819926
0.00828595552
0.00865735486
0.00824839528
0.00853176601
0.008007369
0.00814760476
0.00804768502
0.00800156872
0.00813208706
0.00807987991
0.0078797508
0.00823374837
0.00846360623
0.00829755701
0.00839617196
0.00818951614
0.00837963912
0.00822142139
0.00825071521
0.00852001924
0.00807669013
0.00834497902
0.00824926421
0.00808785669
0.00836847256
0.00843068677
0.00847694836
0.00881557259
0.00842459592
0.00852350052
0.00840356759
0.00818719528
0.00822388567
0.0083264159
0.00823316816
0.00806508865
0.00829596258
0.00836397707
0.00788265187
0.00829552672
0.00781434681
0.00809191726
0.00817037373
0.0078709051
0.00802970305
0.00816022232
0.00810685381
0.00846447702
0.00814267434
0.00815108604
0.00865735486
0.00827203318
0.00869332067
0.00838341005
0.0082776891
0.008653149
0.00826420262
0.00803332868
0.00805624201
0.00815210025
0.00803260318
0.00805508159
0.00815166532
0.00811135023
0.00799678266
0.00821968074
0.00825767591
0.00815688632
0.00830828957
0.00823737401
0.00828073546
0.00804449524
0.00839138589
0.0082404185
0.00805377587
0.00817356351
0.00820039212
0.00842981599
0.00837673805
0.00844127405
0.00862690061
0.00865256972
0.00799881294
0.00840574316
0.00796603783
0.00824288465
0.00841415394
0.00813948456
0.00804420467
0.00812933221
0.00808162055
0.00805638637
0.0078745298
0.00806015729
0.00807001907
0.00800040923
0.00804986059
0.00782101694
0.00818618107
0.00812643207
0.00820836983
0.0082965428
0.00818966142
0.00838457047
0.00845273025
0.00843170098
0.00853481236
0.0084303962
0.00837311428
0.00816602259
0.00793543923
0.00801244471
0.00803767796
0.008124982
0.00800258293
0.00792383775
0.00824665464
0.0081345532
0.00798358581
0.0082231611
0.00820140819
0.00822330638
